
================================================================================
SPARK SQL 3.1 - analisi_3_1_quarter
================================================================================
+-----------------+------+-----------+-------------+-------------+------------------+---------------------+---------------------------------------+
|op_unique_carrier|origin|num_flights|min_arr_delay|max_arr_delay|avg_arr_delay     |cancellation_rate    |months_active                          |
+-----------------+------+-----------+-------------+-------------+------------------+---------------------+---------------------------------------+
|9E               |ABE   |264        |0.0          |245.0        |9.056818181818182 |0.015151515151515152 |[12, 9, 1, 5, 2, 6, 3, 10, 7, 4, 11, 8]|
|9E               |ABY   |11         |0.0          |35.0         |8.727272727272727 |0.0                  |[12, 1, 11]                            |
|9E               |AEX   |228        |0.0          |979.0        |23.605263157894736|0.0043859649122807015|[12, 9, 1, 5, 2, 6, 3, 10, 7, 4, 11, 8]|
|9E               |AGS   |389        |0.0          |784.0        |18.267352185089976|0.015424164524421594 |[12, 9, 1, 5, 2, 6, 3, 10, 7, 4, 11, 8]|
|9E               |ALB   |251        |0.0          |289.0        |8.091633466135459 |0.027888446215139442 |[12, 9, 1, 5, 2, 6, 3, 10, 7, 4, 11, 8]|
|9E               |ATL   |6600       |0.0          |991.0        |10.83             |0.01                 |[12, 9, 1, 5, 2, 6, 3, 10, 7, 4, 11, 8]|
|9E               |ATW   |47         |0.0          |226.0        |17.23404255319149 |0.0                  |[1, 5, 6, 10, 7, 4]                    |
|9E               |AUS   |89         |0.0          |427.0        |18.348314606741575|0.0                  |[1, 5, 2, 6, 3, 7, 4]                  |
|9E               |AVL   |144        |0.0          |169.0        |8.930555555555555 |0.013888888888888888 |[12, 9, 1, 5, 2, 6, 3, 10, 7, 4, 11, 8]|
|9E               |AZO   |4          |0.0          |71.0         |17.75             |0.0                  |[1]                                    |
|9E               |BDL   |98         |0.0          |279.0        |13.73469387755102 |0.061224489795918366 |[12, 9, 1, 5, 2, 6, 3, 10, 7, 4, 8]    |
|9E               |BGM   |75         |0.0          |625.0        |27.026666666666667|0.02666666666666667  |[12, 9, 1, 5, 2, 6, 3, 10, 7, 4, 11, 8]|
|9E               |BGR   |309        |0.0          |217.0        |6.485436893203883 |0.03559870550161812  |[12, 9, 1, 5, 2, 6, 3, 10, 7, 4, 11, 8]|
|9E               |BHM   |275        |0.0          |366.0        |13.643636363636364|0.02909090909090909  |[12, 9, 1, 5, 2, 6, 3, 10, 7, 4, 11, 8]|
|9E               |BIS   |3          |0.0          |102.0        |39.333333333333336|0.0                  |[9, 7, 8]                              |
|9E               |BMI   |195        |0.0          |376.0        |9.533333333333333 |0.010256410256410256 |[12, 9, 1, 5, 2, 6, 3, 10, 7, 4, 11, 8]|
|9E               |BNA   |270        |0.0          |1125.0       |27.70740740740741 |0.02962962962962963  |[12, 9, 1, 5, 2, 6, 3, 10, 7, 4, 11, 8]|
|9E               |BOS   |2          |0.0          |23.0         |11.5              |0.0                  |[1]                                    |
|9E               |BQK   |37         |0.0          |162.0        |13.162162162162161|0.0                  |[12, 6, 3, 4, 11]                      |
|9E               |BTR   |132        |0.0          |242.0        |8.007575757575758 |0.007575757575757576 |[12, 9, 1, 5, 2, 6, 3, 10, 7, 11, 8]   |
+-----------------+------+-----------+-------------+-------------+------------------+---------------------+---------------------------------------+
only showing top 20 rows


Execution time: 1.65 seconds

================================================================================
SPARK SQL 3.1 - analisi_3_1_half
================================================================================
+-----------------+------+-----------+-------------+-------------+------------------+--------------------+---------------------------------------+
|op_unique_carrier|origin|num_flights|min_arr_delay|max_arr_delay|avg_arr_delay     |cancellation_rate   |months_active                          |
+-----------------+------+-----------+-------------+-------------+------------------+--------------------+---------------------------------------+
|9E               |ABE   |492        |0.0          |341.0        |9.497967479674797 |0.016260162601626018|[12, 9, 1, 5, 2, 6, 3, 10, 7, 4, 11, 8]|
|9E               |ABY   |19         |0.0          |43.0         |7.684210526315789 |0.0                 |[12, 1, 11]                            |
|9E               |AEX   |446        |0.0          |979.0        |24.141255605381165|0.008968609865470852|[12, 9, 1, 5, 2, 6, 3, 10, 7, 4, 11, 8]|
|9E               |AGS   |793        |0.0          |784.0        |15.935687263556115|0.015132408575031526|[12, 9, 1, 5, 2, 6, 3, 10, 7, 4, 11, 8]|
|9E               |ALB   |544        |0.0          |290.0        |8.568014705882353 |0.022058823529411766|[12, 9, 1, 5, 2, 6, 3, 10, 7, 4, 11, 8]|
|9E               |ATL   |13338      |0.0          |991.0        |10.737366921577449|0.011545958914379968|[12, 9, 1, 5, 2, 6, 3, 10, 7, 4, 11, 8]|
|9E               |ATW   |90         |0.0          |226.0        |12.61111111111111 |0.0                 |[9, 1, 5, 6, 10, 7, 4]                 |
|9E               |AUS   |192        |0.0          |427.0        |14.84375          |0.0                 |[1, 5, 2, 6, 3, 7, 4, 11]              |
|9E               |AVL   |321        |0.0          |949.0        |15.56386292834891 |0.018691588785046728|[12, 9, 1, 5, 2, 6, 3, 10, 7, 4, 11, 8]|
|9E               |AZO   |8          |0.0          |71.0         |11.125            |0.0                 |[1]                                    |
|9E               |BDL   |191        |0.0          |303.0        |13.455497382198953|0.041884816753926704|[12, 9, 1, 5, 2, 6, 3, 10, 7, 4, 8]    |
|9E               |BGM   |169        |0.0          |625.0        |16.532544378698226|0.03550295857988166 |[12, 9, 1, 5, 2, 6, 3, 10, 7, 4, 11, 8]|
|9E               |BGR   |636        |0.0          |459.0        |9.06132075471698  |0.04874213836477988 |[12, 9, 1, 5, 2, 6, 3, 10, 7, 4, 11, 8]|
|9E               |BHM   |566        |0.0          |730.0        |12.298586572438163|0.03356890459363958 |[12, 9, 1, 5, 2, 6, 3, 10, 7, 4, 11, 8]|
|9E               |BIS   |5          |0.0          |102.0        |27.8              |0.0                 |[9, 7, 8]                              |
|9E               |BMI   |380        |0.0          |567.0        |11.352631578947369|0.015789473684210527|[12, 9, 1, 5, 2, 6, 3, 10, 7, 4, 11, 8]|
|9E               |BNA   |569        |0.0          |1125.0       |27.469244288224957|0.03163444639718805 |[12, 9, 1, 5, 2, 6, 3, 10, 7, 4, 11, 8]|
|9E               |BOS   |4          |0.0          |23.0         |5.75              |0.25                |[1]                                    |
|9E               |BQK   |71         |0.0          |165.0        |14.52112676056338 |0.0                 |[12, 6, 3, 4, 11]                      |
|9E               |BTR   |241        |0.0          |1015.0       |18.219917012448132|0.016597510373443983|[12, 9, 1, 5, 2, 6, 3, 10, 7, 11, 8]   |
+-----------------+------+-----------+-------------+-------------+------------------+--------------------+---------------------------------------+
only showing top 20 rows


Execution time: 3.98 seconds

================================================================================
SPARK SQL 3.1 - analisi_3_1
================================================================================
+-----------------+------+-----------+-------------+-------------+------------------+--------------------+---------------------------------------+
|op_unique_carrier|origin|num_flights|min_arr_delay|max_arr_delay|avg_arr_delay     |cancellation_rate   |months_active                          |
+-----------------+------+-----------+-------------+-------------+------------------+--------------------+---------------------------------------+
|9E               |ABE   |1015       |0.0          |575.0        |13.609852216748768|0.013793103448275862|[12, 9, 1, 5, 2, 6, 3, 10, 7, 4, 11, 8]|
|9E               |ABY   |38         |0.0          |321.0        |16.263157894736842|0.0                 |[12, 1, 2, 3, 11]                      |
|9E               |AEX   |877        |0.0          |979.0        |19.46636259977195 |0.010262257696693273|[12, 9, 1, 5, 2, 6, 3, 10, 7, 4, 11, 8]|
|9E               |AGS   |1602       |0.0          |1091.0       |16.262172284644194|0.020599250936329586|[12, 9, 1, 5, 2, 6, 3, 10, 7, 4, 11, 8]|
|9E               |ALB   |1088       |0.0          |394.0        |9.685661764705882 |0.019301470588235295|[12, 9, 1, 5, 2, 6, 3, 10, 7, 4, 11, 8]|
|9E               |ATL   |26798      |0.0          |1207.0       |10.581685200388089|0.010933651765057093|[12, 9, 1, 5, 2, 6, 3, 10, 7, 4, 11, 8]|
|9E               |ATW   |175        |0.0          |420.0        |19.314285714285713|0.0                 |[9, 1, 5, 6, 10, 7, 4, 8]              |
|9E               |AUS   |379        |0.0          |1225.0       |20.883905013192614|0.005277044854881266|[1, 5, 2, 6, 3, 7, 4, 11]              |
|9E               |AVL   |672        |0.0          |949.0        |15.050595238095237|0.020833333333333332|[12, 9, 1, 5, 2, 6, 3, 10, 7, 4, 11, 8]|
|9E               |AZO   |14         |0.0          |71.0         |6.428571428571429 |0.0                 |[1]                                    |
|9E               |BDL   |366        |0.0          |303.0        |11.03825136612022 |0.030054644808743168|[12, 9, 1, 5, 2, 6, 3, 10, 7, 4, 8]    |
|9E               |BGM   |366        |0.0          |1051.0       |18.06830601092896 |0.03278688524590164 |[12, 9, 1, 5, 2, 6, 3, 10, 7, 4, 11, 8]|
|9E               |BGR   |1258       |0.0          |459.0        |9.462639109697934 |0.04054054054054054 |[12, 9, 1, 5, 2, 6, 3, 10, 7, 4, 11, 8]|
|9E               |BHM   |1113       |0.0          |730.0        |11.033243486073674|0.03504043126684636 |[12, 9, 1, 5, 2, 6, 3, 10, 7, 4, 11, 8]|
|9E               |BIS   |10         |0.0          |102.0        |19.8              |0.0                 |[9, 7, 8]                              |
|9E               |BMI   |729        |0.0          |567.0        |12.002743484224967|0.012345679012345678|[12, 9, 1, 5, 2, 6, 3, 10, 7, 4, 11, 8]|
|9E               |BNA   |1186       |0.0          |1214.0       |25.51433389544688 |0.03794266441821248 |[12, 9, 1, 5, 2, 6, 3, 10, 7, 4, 11, 8]|
|9E               |BOS   |8          |0.0          |23.0         |2.875             |0.125               |[1]                                    |
|9E               |BQK   |142        |0.0          |508.0        |16.408450704225352|0.0                 |[12, 6, 3, 7, 4, 11]                   |
|9E               |BTR   |499        |0.0          |1015.0       |14.248496993987976|0.018036072144288578|[12, 9, 1, 5, 2, 6, 3, 10, 7, 11, 8]   |
+-----------------+------+-----------+-------------+-------------+------------------+--------------------+---------------------------------------+
only showing top 20 rows


Execution time: 3.80 seconds

================================================================================
SPARK SQL 3.1 - analisi_3_1_double
================================================================================
+-----------------+------+-----------+-------------+-------------+------------------+--------------------+---------------------------------------+
|op_unique_carrier|origin|num_flights|min_arr_delay|max_arr_delay|avg_arr_delay     |cancellation_rate   |months_active                          |
+-----------------+------+-----------+-------------+-------------+------------------+--------------------+---------------------------------------+
|9E               |ABE   |2030       |0.0          |575.0        |13.609852216748768|0.013793103448275862|[12, 9, 1, 5, 2, 6, 3, 10, 7, 4, 11, 8]|
|9E               |ABY   |76         |0.0          |321.0        |16.263157894736842|0.0                 |[12, 1, 2, 3, 11]                      |
|9E               |AEX   |1754       |0.0          |979.0        |19.46636259977195 |0.010262257696693273|[12, 9, 1, 5, 2, 6, 3, 10, 7, 4, 11, 8]|
|9E               |AGS   |3204       |0.0          |1091.0       |16.262172284644194|0.020599250936329586|[12, 9, 1, 5, 2, 6, 3, 10, 7, 4, 11, 8]|
|9E               |ALB   |2176       |0.0          |394.0        |9.685661764705882 |0.019301470588235295|[12, 9, 1, 5, 2, 6, 3, 10, 7, 4, 11, 8]|
|9E               |ATL   |53596      |0.0          |1207.0       |10.581685200388089|0.010933651765057093|[12, 9, 1, 5, 2, 6, 3, 10, 7, 4, 11, 8]|
|9E               |ATW   |350        |0.0          |420.0        |19.314285714285713|0.0                 |[9, 1, 5, 6, 10, 7, 4, 8]              |
|9E               |AUS   |758        |0.0          |1225.0       |20.883905013192614|0.005277044854881266|[1, 5, 2, 6, 3, 7, 4, 11]              |
|9E               |AVL   |1344       |0.0          |949.0        |15.050595238095237|0.020833333333333332|[12, 9, 1, 5, 2, 6, 3, 10, 7, 4, 11, 8]|
|9E               |AZO   |28         |0.0          |71.0         |6.428571428571429 |0.0                 |[1]                                    |
|9E               |BDL   |732        |0.0          |303.0        |11.03825136612022 |0.030054644808743168|[12, 9, 1, 5, 2, 6, 3, 10, 7, 4, 8]    |
|9E               |BGM   |732        |0.0          |1051.0       |18.06830601092896 |0.03278688524590164 |[12, 9, 1, 5, 2, 6, 3, 10, 7, 4, 11, 8]|
|9E               |BGR   |2516       |0.0          |459.0        |9.462639109697934 |0.04054054054054054 |[12, 9, 1, 5, 2, 6, 3, 10, 7, 4, 11, 8]|
|9E               |BHM   |2226       |0.0          |730.0        |11.033243486073674|0.03504043126684636 |[12, 9, 1, 5, 2, 6, 3, 10, 7, 4, 11, 8]|
|9E               |BIS   |20         |0.0          |102.0        |19.8              |0.0                 |[9, 7, 8]                              |
|9E               |BMI   |1458       |0.0          |567.0        |12.002743484224967|0.012345679012345678|[12, 9, 1, 5, 2, 6, 3, 10, 7, 4, 11, 8]|
|9E               |BNA   |2372       |0.0          |1214.0       |25.51433389544688 |0.03794266441821248 |[12, 9, 1, 5, 2, 6, 3, 10, 7, 4, 11, 8]|
|9E               |BOS   |16         |0.0          |23.0         |2.875             |0.125               |[1]                                    |
|9E               |BQK   |284        |0.0          |508.0        |16.408450704225352|0.0                 |[12, 6, 3, 7, 4, 11]                   |
|9E               |BTR   |998        |0.0          |1015.0       |14.248496993987976|0.018036072144288578|[12, 9, 1, 5, 2, 6, 3, 10, 7, 11, 8]   |
+-----------------+------+-----------+-------------+-------------+------------------+--------------------+---------------------------------------+
only showing top 20 rows


Execution time: 8.63 seconds

================================================================================
SPARK SQL 3.1 - analisi_3_1_quadruple
================================================================================
+-----------------+------+-----------+-------------+-------------+------------------+--------------------+---------------------------------------+
|op_unique_carrier|origin|num_flights|min_arr_delay|max_arr_delay|avg_arr_delay     |cancellation_rate   |months_active                          |
+-----------------+------+-----------+-------------+-------------+------------------+--------------------+---------------------------------------+
|9E               |ABE   |4060       |0.0          |575.0        |13.609852216748768|0.013793103448275862|[12, 9, 1, 5, 2, 6, 3, 10, 7, 4, 11, 8]|
|9E               |ABY   |152        |0.0          |321.0        |16.263157894736842|0.0                 |[12, 1, 2, 3, 11]                      |
|9E               |AEX   |3508       |0.0          |979.0        |19.46636259977195 |0.010262257696693273|[12, 9, 1, 5, 2, 6, 3, 10, 7, 4, 11, 8]|
|9E               |AGS   |6408       |0.0          |1091.0       |16.262172284644194|0.020599250936329586|[12, 9, 1, 5, 2, 6, 3, 10, 7, 4, 11, 8]|
|9E               |ALB   |4352       |0.0          |394.0        |9.685661764705882 |0.019301470588235295|[12, 9, 1, 5, 2, 6, 3, 10, 7, 4, 11, 8]|
|9E               |ATL   |107192     |0.0          |1207.0       |10.581685200388089|0.010933651765057093|[12, 9, 1, 5, 2, 6, 3, 10, 7, 4, 11, 8]|
|9E               |ATW   |700        |0.0          |420.0        |19.314285714285713|0.0                 |[9, 1, 5, 6, 10, 7, 4, 8]              |
|9E               |AUS   |1516       |0.0          |1225.0       |20.883905013192614|0.005277044854881266|[1, 5, 2, 6, 3, 7, 4, 11]              |
|9E               |AVL   |2688       |0.0          |949.0        |15.050595238095237|0.020833333333333332|[12, 9, 1, 5, 2, 6, 3, 10, 7, 4, 11, 8]|
|9E               |AZO   |56         |0.0          |71.0         |6.428571428571429 |0.0                 |[1]                                    |
|9E               |BDL   |1464       |0.0          |303.0        |11.03825136612022 |0.030054644808743168|[12, 9, 1, 5, 2, 6, 3, 10, 7, 4, 8]    |
|9E               |BGM   |1464       |0.0          |1051.0       |18.06830601092896 |0.03278688524590164 |[12, 9, 1, 5, 2, 6, 3, 10, 7, 4, 11, 8]|
|9E               |BGR   |5032       |0.0          |459.0        |9.462639109697934 |0.04054054054054054 |[12, 9, 1, 5, 2, 6, 3, 10, 7, 4, 11, 8]|
|9E               |BHM   |4452       |0.0          |730.0        |11.033243486073674|0.03504043126684636 |[12, 9, 1, 5, 2, 6, 3, 10, 7, 4, 11, 8]|
|9E               |BIS   |40         |0.0          |102.0        |19.8              |0.0                 |[9, 7, 8]                              |
|9E               |BMI   |2916       |0.0          |567.0        |12.002743484224967|0.012345679012345678|[12, 9, 1, 5, 2, 6, 3, 10, 7, 4, 11, 8]|
|9E               |BNA   |4744       |0.0          |1214.0       |25.51433389544688 |0.03794266441821248 |[12, 9, 1, 5, 2, 6, 3, 10, 7, 4, 11, 8]|
|9E               |BOS   |32         |0.0          |23.0         |2.875             |0.125               |[1]                                    |
|9E               |BQK   |568        |0.0          |508.0        |16.408450704225352|0.0                 |[12, 6, 3, 7, 4, 11]                   |
|9E               |BTR   |1996       |0.0          |1015.0       |14.248496993987976|0.018036072144288578|[12, 9, 1, 5, 2, 6, 3, 10, 7, 11, 8]   |
+-----------------+------+-----------+-------------+-------------+------------------+--------------------+---------------------------------------+
only showing top 20 rows


Execution time: 19.31 seconds

================================================================================
SPARK SQL 3.3 - analisi_3_3_quarter
================================================================================
+------+-----------------+-----------+------------------+------------------+---------------------+--------------------+----+
|origin|op_unique_carrier|num_flights|avg_dep_delay     |avg_arr_delay     |cancellation_rate    |dep_delay_diff      |rank|
+------+-----------------+-----------+------------------+------------------+---------------------+--------------------+----+
|ABE   |9E               |236        |12.19915254237288 |13.016949152542374|0.00423728813559322  |-3.8437454557205424 |1   |
|ABE   |OO               |72         |14.652777777777779|14.055555555555555|0.027777777777777776 |-1.3901202203156444 |2   |
|ABE   |G4               |465        |16.159139784946237|16.333333333333332|0.015053763440860216 |0.1162417868528145  |3   |
|ABE   |OH               |276        |19.496376811594203|18.36231884057971 |0.010869565217391304 |3.45347881350078    |4   |
|ABI   |MQ               |464        |9.741379310344827 |10.814655172413794|0.010775862068965518 |0.0                 |1   |
|ABQ   |DL               |386        |3.411917098445596 |3.8860103626943006|0.0051813471502590676|-9.271073010197181  |1   |
|ABQ   |OO               |1066       |6.905253283302064 |7.608818011257036 |0.0028142589118198874|-5.777736825340713  |2   |
|ABQ   |MQ               |240        |10.075            |11.129166666666666|0.004166666666666667 |-2.6079901086427775 |3   |
|ABQ   |WN               |2924       |12.688098495212039|11.545485636114911|0.004103967168262654 |0.005108386569261825|4   |
|ABQ   |UA               |468        |13.995726495726496|13.508547008547009|0.017094017094017096 |1.312736387083719   |5   |
|ABQ   |NK               |119        |14.294117647058824|14.327731092436975|0.008403361344537815 |1.6111275384160475  |6   |
|ABQ   |AS               |106        |15.924528301886792|15.575471698113208|0.018867924528301886 |3.241538193244015   |7   |
|ABQ   |AA               |803        |20.86052303860523 |20.877957658779575|0.021170610211706103 |8.177532929962453   |8   |
|ABQ   |B6               |55         |60.54545454545455 |55.38181818181818 |0.0                  |47.86246443681177   |9   |
|ABR   |OO               |188        |23.80851063829787 |24.02127659574468 |0.010638297872340425 |0.0                 |1   |
|ABY   |9E               |9          |7.777777777777778 |8.0               |0.0                  |-19.586299892125133 |1   |
|ABY   |OO               |197        |28.258883248730964|28.548223350253807|0.0                  |0.894805578828052   |2   |
|ACK   |MQ               |3          |8.0               |7.0               |0.0                  |-9.746411483253588  |1   |
|ACK   |YX               |147        |12.34013605442177 |16.034013605442176|0.10204081632653061  |-5.406275428831819  |2   |
|ACK   |B6               |260        |19.942307692307693|15.26923076923077 |0.03076923076923077  |2.195896209054105   |3   |
+------+-----------------+-----------+------------------+------------------+---------------------+--------------------+----+
only showing top 20 rows


Execution time: 1.34 seconds

================================================================================
SPARK SQL 3.3 - analisi_3_3_half
================================================================================
+------+-----------------+-----------+------------------+------------------+--------------------+--------------------+----+
|origin|op_unique_carrier|num_flights|avg_dep_delay     |avg_arr_delay     |cancellation_rate   |dep_delay_diff      |rank|
+------+-----------------+-----------+------------------+------------------+--------------------+--------------------+----+
|ABE   |G4               |941        |14.657810839532413|14.59086078639745 |0.012752391073326248|-2.4976415966624828 |1   |
|ABE   |9E               |490        |15.004081632653062|15.3              |0.006122448979591836|-2.151370803541834  |2   |
|ABE   |OH               |576        |20.177083333333332|18.51215277777778 |0.015625            |3.0216308971384365  |3   |
|ABE   |OO               |148        |28.39864864864865 |27.4527027027027  |0.0472972972972973  |11.243196212453753  |4   |
|ABI   |MQ               |900        |10.075555555555555|10.992222222222223|0.008888888888888889|0.0                 |1   |
|ABQ   |DL               |776        |4.161082474226804 |4.698453608247423 |0.010309278350515464|-8.95714694812633   |1   |
|ABQ   |OO               |2102       |7.379638439581351 |8.04138915318744  |0.003805899143672693|-5.7385909827717825 |2   |
|ABQ   |MQ               |457        |10.172866520787746|11.645514223194748|0.002188183807439825|-2.945362901565387  |3   |
|ABQ   |UA               |912        |12.237938596491228|12.057017543859649|0.013157894736842105|-0.8802908258619055 |4   |
|ABQ   |WN               |5894       |12.709535120461487|11.57431286053614 |0.004750593824228029|-0.40869430189164646|5   |
|ABQ   |NK               |258        |14.484496124031008|14.507751937984496|0.003875968992248062|1.3662667016778745  |6   |
|ABQ   |AS               |204        |16.029411764705884|16.475490196078432|0.00980392156862745 |2.9111823423527508  |7   |
|ABQ   |AA               |1504       |25.090425531914892|24.95811170212766 |0.020611702127659573|11.972196109561759  |8   |
|ABQ   |B6               |115        |53.278260869565216|50.130434782608695|0.02608695652173913 |40.160031447212084  |9   |
|ABR   |OO               |379        |23.218997361477573|23.25065963060686 |0.0079155672823219  |0.0                 |1   |
|ABY   |9E               |17         |12.823529411764707|12.529411764705882|0.0                 |-12.758521870286575 |1   |
|ABY   |OO               |373        |26.16353887399464 |27.17426273458445 |0.002680965147453083|0.5814875919433575  |2   |
|ACK   |MQ               |10         |11.0              |13.3              |0.0                 |-10.594152046783627 |1   |
|ACK   |YX               |294        |21.078231292517007|23.666666666666668|0.0782312925170068  |-0.5159207542666202 |2   |
|ACK   |B6               |537        |21.84171322160149 |19.93854748603352 |0.04655493482309125 |0.24756117481786433 |3   |
+------+-----------------+-----------+------------------+------------------+--------------------+--------------------+----+
only showing top 20 rows


Execution time: 1.68 seconds

================================================================================
SPARK SQL 3.3 - analisi_3_3
================================================================================
+------+-----------------+-----------+------------------+------------------+--------------------+-------------------+----+
|origin|op_unique_carrier|num_flights|avg_dep_delay     |avg_arr_delay     |cancellation_rate   |dep_delay_diff     |rank|
+------+-----------------+-----------+------------------+------------------+--------------------+-------------------+----+
|ABE   |9E               |1017       |13.43362831858407 |13.583087512291051|0.01376597836774828 |-4.416037348928036 |1   |
|ABE   |G4               |1839       |15.015225666122893|14.671560630777597|0.01631321370309951 |-2.834440001389213 |2   |
|ABE   |OH               |1166       |21.493138936535164|20.178387650085764|0.012864493996569469|3.6434732690230582 |3   |
|ABE   |OO               |315        |35.16825396825397 |33.67301587301587 |0.0380952380952381  |17.318588300741865 |4   |
|ABI   |MQ               |1757       |12.170176437108708|12.85088218554354 |0.008537279453614115|0.0                |1   |
|ABQ   |DL               |1547       |6.471881060116354 |6.904330963154493 |0.00904977375565611 |-6.296797339352349 |1   |
|ABQ   |OO               |3987       |7.785302232254828 |8.529721595184348 |0.004514672686230248|-4.9833761672138746|2   |
|ABQ   |MQ               |907        |9.846747519294377 |11.23263506063947 |0.006615214994487321|-2.921930880174326 |3   |
|ABQ   |UA               |1822       |9.891877058177826 |9.870472008781558 |0.010428100987925357|-2.876801341290877 |4   |
|ABQ   |WN               |11610      |12.199483204134367|11.010249784668389|0.005254091300602929|-0.5691951953343359|5   |
|ABQ   |AS               |423        |12.950354609929079|13.026004728132389|0.009456264775413711|0.18167621046037574|6   |
|ABQ   |NK               |525        |14.203809523809523|14.278095238095238|0.011428571428571429|1.4351311243408205 |7   |
|ABQ   |AA               |3016       |23.8723474801061  |24.518236074270558|0.020888594164456233|11.103669080637397 |8   |
|ABQ   |B6               |255        |51.16470588235294 |50.23137254901961 |0.0196078431372549  |38.396027482884236 |9   |
|ABR   |OO               |728        |23.119505494505493|22.938186813186814|0.008241758241758242|0.0                |1   |
|ABY   |9E               |38         |15.842105263157896|16.263157894736842|0.0                 |-6.669005847953217 |1   |
|ABY   |OO               |727        |22.859697386519944|23.876203576341126|0.009628610729023384|0.3485862754088309 |2   |
|ACK   |YX               |619        |18.533117932148627|21.516962843295637|0.0840064620355412  |-1.3970313215827161|1   |
|ACK   |B6               |1007       |20.400198609731877|19.46573982125124 |0.038728897715988087|0.47004935600053344|2   |
|ACK   |MQ               |22         |22.681818181818183|24.863636363636363|0.0                 |2.75166892808684   |3   |
+------+-----------------+-----------+------------------+------------------+--------------------+-------------------+----+
only showing top 20 rows


Execution time: 3.36 seconds

================================================================================
SPARK SQL 3.3 - analisi_3_3_double
================================================================================
+------+-----------------+-----------+------------------+------------------+--------------------+-------------------+----+
|origin|op_unique_carrier|num_flights|avg_dep_delay     |avg_arr_delay     |cancellation_rate   |dep_delay_diff     |rank|
+------+-----------------+-----------+------------------+------------------+--------------------+-------------------+----+
|ABE   |9E               |2034       |13.43362831858407 |13.583087512291051|0.01376597836774828 |-4.416037348928036 |1   |
|ABE   |G4               |3678       |15.015225666122893|14.671560630777597|0.01631321370309951 |-2.834440001389213 |2   |
|ABE   |OH               |2332       |21.493138936535164|20.178387650085764|0.012864493996569469|3.6434732690230582 |3   |
|ABE   |OO               |630        |35.16825396825397 |33.67301587301587 |0.0380952380952381  |17.318588300741865 |4   |
|ABI   |MQ               |3514       |12.170176437108708|12.85088218554354 |0.008537279453614115|0.0                |1   |
|ABQ   |DL               |3094       |6.471881060116354 |6.904330963154493 |0.00904977375565611 |-6.296797339352349 |1   |
|ABQ   |OO               |7974       |7.785302232254828 |8.529721595184348 |0.004514672686230248|-4.9833761672138746|2   |
|ABQ   |MQ               |1814       |9.846747519294377 |11.23263506063947 |0.006615214994487321|-2.921930880174326 |3   |
|ABQ   |UA               |3644       |9.891877058177826 |9.870472008781558 |0.010428100987925357|-2.876801341290877 |4   |
|ABQ   |WN               |23220      |12.199483204134367|11.010249784668389|0.005254091300602929|-0.5691951953343359|5   |
|ABQ   |AS               |846        |12.950354609929079|13.026004728132389|0.009456264775413711|0.18167621046037574|6   |
|ABQ   |NK               |1050       |14.203809523809523|14.278095238095238|0.011428571428571429|1.4351311243408205 |7   |
|ABQ   |AA               |6032       |23.8723474801061  |24.518236074270558|0.020888594164456233|11.103669080637397 |8   |
|ABQ   |B6               |510        |51.16470588235294 |50.23137254901961 |0.0196078431372549  |38.396027482884236 |9   |
|ABR   |OO               |1456       |23.119505494505493|22.938186813186814|0.008241758241758242|0.0                |1   |
|ABY   |9E               |76         |15.842105263157896|16.263157894736842|0.0                 |-6.669005847953217 |1   |
|ABY   |OO               |1454       |22.859697386519944|23.876203576341126|0.009628610729023384|0.3485862754088309 |2   |
|ACK   |YX               |1238       |18.533117932148627|21.516962843295637|0.0840064620355412  |-1.3970313215827161|1   |
|ACK   |B6               |2014       |20.400198609731877|19.46573982125124 |0.038728897715988087|0.47004935600053344|2   |
|ACK   |MQ               |44         |22.681818181818183|24.863636363636363|0.0                 |2.75166892808684   |3   |
+------+-----------------+-----------+------------------+------------------+--------------------+-------------------+----+
only showing top 20 rows


Execution time: 4.87 seconds

================================================================================
SPARK SQL 3.3 - analisi_3_3_quadruple
================================================================================
+------+-----------------+-----------+------------------+------------------+--------------------+-------------------+----+
|origin|op_unique_carrier|num_flights|avg_dep_delay     |avg_arr_delay     |cancellation_rate   |dep_delay_diff     |rank|
+------+-----------------+-----------+------------------+------------------+--------------------+-------------------+----+
|ABE   |9E               |4068       |13.43362831858407 |13.583087512291051|0.01376597836774828 |-4.416037348928036 |1   |
|ABE   |G4               |7356       |15.015225666122893|14.671560630777597|0.01631321370309951 |-2.834440001389213 |2   |
|ABE   |OH               |4664       |21.493138936535164|20.178387650085764|0.012864493996569469|3.6434732690230582 |3   |
|ABE   |OO               |1260       |35.16825396825397 |33.67301587301587 |0.0380952380952381  |17.318588300741865 |4   |
|ABI   |MQ               |7028       |12.170176437108708|12.85088218554354 |0.008537279453614115|0.0                |1   |
|ABQ   |DL               |6188       |6.471881060116354 |6.904330963154493 |0.00904977375565611 |-6.296797339352349 |1   |
|ABQ   |OO               |15948      |7.785302232254828 |8.529721595184348 |0.004514672686230248|-4.9833761672138746|2   |
|ABQ   |MQ               |3628       |9.846747519294377 |11.23263506063947 |0.006615214994487321|-2.921930880174326 |3   |
|ABQ   |UA               |7288       |9.891877058177826 |9.870472008781558 |0.010428100987925357|-2.876801341290877 |4   |
|ABQ   |WN               |46440      |12.199483204134367|11.010249784668389|0.005254091300602929|-0.5691951953343359|5   |
|ABQ   |AS               |1692       |12.950354609929079|13.026004728132389|0.009456264775413711|0.18167621046037574|6   |
|ABQ   |NK               |2100       |14.203809523809523|14.278095238095238|0.011428571428571429|1.4351311243408205 |7   |
|ABQ   |AA               |12064      |23.8723474801061  |24.518236074270558|0.020888594164456233|11.103669080637397 |8   |
|ABQ   |B6               |1020       |51.16470588235294 |50.23137254901961 |0.0196078431372549  |38.396027482884236 |9   |
|ABR   |OO               |2912       |23.119505494505493|22.938186813186814|0.008241758241758242|0.0                |1   |
|ABY   |9E               |152        |15.842105263157896|16.263157894736842|0.0                 |-6.669005847953217 |1   |
|ABY   |OO               |2908       |22.859697386519944|23.876203576341126|0.009628610729023384|0.3485862754088309 |2   |
|ACK   |YX               |2476       |18.533117932148627|21.516962843295637|0.0840064620355412  |-1.3970313215827161|1   |
|ACK   |B6               |4028       |20.400198609731877|19.46573982125124 |0.038728897715988087|0.47004935600053344|2   |
|ACK   |MQ               |88         |22.681818181818183|24.863636363636363|0.0                 |2.75166892808684   |3   |
+------+-----------------+-----------+------------------+------------------+--------------------+-------------------+----+
only showing top 20 rows


Execution time: 9.53 seconds
